990
627
29
501
562
713
698
810
673
967
452
700
511
489
318
374
467
761
358
932
304
589
756
999
319
139
521
118
607
66
353
658
144
609
132
970
312
57
613
694
302
652
441
478
750
434
58
947
413
310
379
320
918
702
868
79
264
705
829
791
604
630
530
864
849
300
690
229
896
799
872
117
102
729
545
680
293
523
64
361
955
983
532
146
55
243
339
239
393
106
614
865
113
133
785
273
307
640
226
554
404
778
674
70
214
547
516
522
843
573
646
491
712
841
987
774
449
900
795
637
108
482
972
455
826
809
512
359
159
546
176
770
601
797
112
271
982
611
265
681
531
24
161
284
661
836
583
173
794
584
256
442
773
228
207
443
48
703
988
939
407
420
933
537
572
612
343
789
662
371
757
659
54
276
992
11
890
859
943
158
450
568
805
719
175
696
565
60
41
368
411
480
780
935
898
751
83
76
733
822
649
851
306
709
194
280
465
535
969
517
798
867
525
74
493
650
414
915
198
765
894
771
134
959
886
130
178
748
913
186
758
471
355
179
437
424
643
600
736
977
946
394
213
618
259
790
964
39
910
294
716
875
210
745
507
38
421
796
206
15
2
94
958
986
984
881
807
837
125
4
337
40
926
219
786
327
458
63
952
91
73
236
817
460
237
348
767
486
314
195
916
656
901
59
559
49
520
940
812
169
105
183
574
354
828
47
728
542
543
103
590
929
180
580
16
570
904
551
897
693
412
667
550
912
156
116
410
422
453
839
961
255
378
755
248
470
329
430
20
151
787
832
634
342
907
768
398
503
564
23
27
488
397
147
741
87
541
141
333
657
35
316
706
651
244
989
429
854
308
324
644
221
764
806
121
654
533
877
299
107
230
326
815
185
732
499
711
456
111
622
980
816
168
30
869
261
427
365
21
266
731
217
596
7
331
495
883
90
43
919
848
402
401
579
313
426
685
373
991
387
842
861
953
737
436
779
190
448
928
46
298
181
993
360
187
321
325
528
941
341
150
578
323
724
930
508
268
876
636
200
260
555
996
51
802
669
461
135
948
793
549
506
26
676
838
905
759
934
287
3
738
85
240
895
978
279
109
683
714
819
344
446
225
509
22
123
519
78
763
899
391
684
419
957
801
740
723
575
224
232
466
311
781
880
377
191
204
942
739
866
14
701
19
922
548
172
857
666
95
363
81
490
889
500
753
720
878
862
202
82
286
166
906
917
423
567
277
234
830
924
447
954
665
5
762
389
352
845
653
369
995
444
80
241
998
262
582
474
428
973
197
586
483
496
340
527
686
831
655
110
571
599
691
593
285
347
704
205
380
937
193
717
418
974
628
887
689
847
734
597
13
860
469
148
682
163
459
269
124
28
65
189
351
31
629
966
670
766
88
892
188
303
721
212
370
529
923
45
626
985
617
203
735
840
873
746
281
914
98
616
920
692
245
642
800
345
645
291
315
42
250
632
160
641
539
330
17
9
587
863
272
440
853
431
89
267
879
322
744
96
595
775
782
647
196
975
357
699
388
257
592
350
282
295
383
390
164
417
152
403
925
464
769
487
524
222
289
199
727
710
99
395
481
675
479
182
50
445
392
772
263
44
752
888
726
625
301
317
439
558
498
104
290
254
687
349
971
8
155
576
215
921
409
624
811
823
588
476
792
396
249
242
86
981
6
53
405
960
638
457
247
777
911
338
635
485
126
145
747
138
201
784
372
510
386
192
251
84
129
115
835
606
962
127
534
62
128
137
92
174
332
852
997
813
75
715
581
513
364
893
100
844
462
122
585
825
846
77
235
909
874
408
153
505
154
968
484
149
827
870
72
688
858
238
760
223
979
820
305
639
468
707
891
598
631
1
275
71
32
749
663
400
119
233
821
560
743
722
834
309
296
209
902
856
814
605
938
335
34
415
218
432
416
976
994
718
494
278
725
591
52
67
672
297
492
648
504
620
956
399
927
366
695
677
336
945
170
288
855
475
334
1000
346
385
37
552
211
903
97
69
101
936
227
664
951
283
451
668
660
252
497
538
783
557
882
518
136
165
425
908
561
556
594
603
808
963
742
678
216
270
274
730
536
454
292
12
68
754
804
56
171
381
473
563
619
246
184
384
382
463
25
177
697
18
114
950
131
375
61
140
376
788
362
253
615
569
33
577
514
167
142
93
367
623
435
608
679
871
671
884
477
776
328
553
885
220
621
931
818
438
162
258
708
406
544
433
10
143
231
157
833
602
120
566
472
944
633
515
610
949
850
526
803
502
356
540
824
208
965
36
