878
284
169
578
487
786
267
420
18
825
556
1000
495
419
398
580
764
685
141
138
644
425
168
449
395
656
751
80
402
438
710
87
82
993
947
567
171
908
173
869
940
987
520
958
360
572
439
106
842
121
887
798
824
428
54
129
969
225
565
68
934
912
522
942
485
994
181
385
655
916
130
70
530
722
170
52
972
837
198
74
812
424
383
966
426
801
680
600
957
464
17
717
678
716
278
247
223
277
186
636
403
730
975
811
451
625
71
741
285
646
11
836
630
540
823
193
545
359
29
176
885
276
467
561
509
390
333
466
295
660
875
791
363
585
677
649
352
435
430
988
517
301
607
514
508
220
465
737
868
226
784
983
60
334
817
454
943
397
214
201
57
110
244
184
31
476
159
148
977
621
596
780
757
929
242
281
721
899
894
239
84
72
147
776
94
759
37
696
762
209
913
773
539
434
848
261
5
447
478
576
935
107
49
603
190
217
999
206
702
410
254
513
506
51
819
923
720
34
928
380
182
164
272
634
496
671
857
701
687
93
208
143
458
490
202
222
431
675
799
804
353
785
319
279
151
113
160
303
362
779
601
78
818
771
366
568
263
336
937
642
381
161
433
7
444
441
732
368
855
38
324
575
258
515
770
378
794
821
534
232
422
325
574
268
1
617
903
766
436
8
253
361
581
995
609
230
828
56
259
504
752
850
13
192
844
137
551
845
251
668
851
925
287
112
748
953
442
796
432
981
905
546
355
6
571
36
866
88
985
919
541
90
491
197
455
469
683
453
996
927
199
386
19
133
97
187
103
802
635
396
613
20
964
665
493
787
505
892
772
854
313
462
237
904
971
753
250
990
312
28
527
135
697
984
255
394
559
392
32
806
920
210
614
365
643
976
340
387
638
939
207
524
401
235
949
979
123
443
178
640
405
326
229
372
146
838
731
140
991
118
735
611
922
463
853
157
745
597
896
77
688
959
807
172
632
973
619
177
136
526
388
867
863
317
300
344
264
992
809
860
500
194
16
12
503
622
623
498
406
872
661
219
761
822
174
249
793
445
351
881
179
311
543
743
415
163
548
587
989
606
100
830
120
704
224
131
550
608
382
862
528
472
810
81
653
883
40
468
66
188
734
92
628
536
376
707
274
302
149
669
765
125
86
789
328
448
63
349
805
104
291
849
672
154
679
450
684
547
699
474
856
951
888
870
99
654
542
47
631
275
633
266
286
270
371
152
832
211
331
357
782
532
768
369
960
67
354
754
884
788
262
918
418
408
858
523
33
538
127
45
341
167
416
42
627
865
124
917
797
592
723
676
873
936
252
648
742
692
525
695
815
53
114
724
666
460
944
215
370
948
769
85
407
570
337
763
126
10
75
970
715
827
30
44
706
409
257
2
651
293
670
690
563
314
330
290
941
945
429
400
46
379
55
712
645
489
25
738
473
879
102
900
777
240
620
877
708
590
560
280
404
615
886
725
95
440
893
332
393
484
233
375
839
39
774
26
456
309
204
557
155
345
492
221
897
914
562
795
59
535
864
967
205
459
437
507
800
612
502
589
292
901
950
938
933
740
350
76
736
367
569
414
667
982
3
212
859
109
652
461
35
153
142
647
705
145
880
273
248
926
549
191
24
269
316
693
521
997
664
282
265
260
703
733
974
243
218
744
185
604
968
488
895
713
709
412
890
610
841
499
399
234
510
482
583
584
598
183
457
803
356
377
175
909
346
840
518
529
15
629
477
963
902
150
58
564
924
83
128
531
700
846
662
792
998
322
347
689
719
781
659
343
452
91
756
639
200
813
327
101
790
728
594
374
833
320
158
213
421
758
657
318
321
108
932
227
843
196
711
512
582
760
22
931
475
339
519
552
162
62
296
593
820
111
650
48
726
481
310
423
952
698
497
955
750
119
338
673
599
246
315
289
511
861
898
577
470
241
245
89
417
533
694
961
134
911
626
829
876
605
471
579
691
831
616
297
978
116
558
566
663
96
298
427
775
494
641
986
834
41
501
4
891
50
874
553
304
195
980
166
808
165
573
413
391
889
658
299
65
555
14
847
139
946
79
306
965
43
323
624
826
915
602
718
238
516
156
749
216
189
483
814
835
21
686
64
954
852
871
132
294
767
956
180
554
714
283
288
755
446
23
98
921
479
907
342
236
358
778
739
144
537
231
746
618
9
228
271
727
389
69
411
105
595
480
586
486
637
335
27
783
910
329
544
117
747
930
591
203
122
61
681
73
384
882
364
674
816
588
348
373
962
729
308
307
906
115
305
256
682
